30.0388 100
29.9613 100
29.8836 100
29.8059 100
29.728 100
29.65 100
29.5718 100
29.4936 100
29.4152 100
29.3367 100
29.2581 100
29.1793 100
29.1005 100
29.0215 100
28.9424 100
28.8631 100
28.7838 100
28.7043 100
28.6247 100
28.545 100
28.4652 100
28.3852 100
28.3052 100
28.225 100
28.1447 100
28.0642 100
27.9837 100
27.903 100
27.8222 100
27.7413 100
27.6603 100
27.5791 100
27.4978 100
27.4164 100
27.3349 100
27.2533 100
27.1715 100
27.0896 100
27.0076 100
26.9255 100
26.8433 100
26.7609 100
26.6785 100
26.5959 100
26.5131 100
26.4303 100
26.3474 100
26.2643 100
26.1811 100
26.0978 100
26.0144 100
25.9308 100
25.8471 100
25.7634 100
25.6795 100
25.5954 100
25.5113 100
25.427 100
25.3427 100
25.2582 100
25.1735 100
25.0888 100
25.004 100
24.919 100
24.8339 100
24.7487 100
24.6634 100
24.578 100
24.4924 100
24.4068 100
24.321 100
24.2351 100
24.1491 100
24.0629 100
23.9767 100
23.8903 100
23.8039 100
23.7173 100
23.6306 100
23.5437 100
23.4568 100
23.3697 100
23.2826 100
23.1953 100
23.1079 100
23.0204 100
22.9328 100
22.845 100
22.7572 100
22.6692 100
22.5811 100
22.493 100
22.4047 100
22.3162 100
22.2277 100
22.1391 100
22.0503 100
21.9615 100
21.8725 100
21.7834 100
21.6942 100
21.6049 100
21.5155 100
21.426 100
21.3363 100
21.2466 100
21.1567 100
21.0668 100
20.9767 100
20.8865 100
20.7962 100
20.7058 100
20.6153 100
20.5247 100
20.434 100
20.3432 100
20.2522 100
20.1612 100
20.0701 100
19.9788 100
19.8874 100
19.796 100
19.7044 100
19.6127 100
19.521 100
19.4291 100
19.3371 100
19.245 100
19.1528 100
19.0605 100
18.9681 100
18.8756 100
18.783 100
18.6903 100
18.5975 100
18.5046 100
18.4115 100
18.3184 100
18.2252 100
18.1319 100
18.0385 100
17.945 100
17.8514 100
17.7577 100
17.6639 100
17.5699 100
17.4759 100
17.3818 100
17.2876 100
17.1933 100
17.099 100
17.0045 100
16.9099 100
16.8152 100
16.7204 100
16.6256 100
16.5306 100
16.4356 100
16.3404 100
16.2452 100
16.1499 100
16.0544 100
15.9589 100
15.8633 100
15.7676 100
15.6718 100
15.576 100
15.48 100
15.3839 100
15.2878 100
15.1916 100
15.0952 100
14.9988 100
14.9023 100
14.8058 100
14.7091 100
14.6123 100
14.5155 100
14.4186 100
14.3216 100
14.2245 100
14.1273 100
14.03 100
13.9327 100
13.8353 100
13.7378 100
13.6402 100
13.5425 100
13.4448 100
13.347 100
13.2491 100
13.1511 100
13.053 100
12.9549 100
12.8566 100
12.7584 100
12.66 100
12.5615 100
12.463 100
12.3644 100
12.2657 100
12.167 100
12.0682 100
11.9693 100
11.8703 100
11.7713 100
11.6722 100
11.573 100
11.4738 100
11.3744 100
11.275 100
11.1756 100
11.0761 100
10.9765 100
10.8768 100
10.7771 100
10.6773 100
10.5774 100
10.4775 100
10.3775 100
10.2775 100
10.1774 100
10.0772 100
9.97693 100
9.87663 100
9.77627 100
9.67584 100
9.57536 100
9.47482 100
9.37421 100
9.27355 100
9.17283 100
9.07206 100
8.97122 100
8.87034 100
8.76939 100
8.66839 100
8.56734 100
8.46623 100
8.36507 100
8.26386 100
8.16259 100
8.06128 100
7.95991 100
7.85849 100
7.75703 100
7.65551 100
7.55395 100
7.45234 100
7.35068 100
7.24897 100
7.14722 100
7.04542 100
6.94358 100
6.8417 100
6.73977 100
6.6378 100
6.53578 100
6.43373 100
6.33163 100
6.22949 100
6.12731 100
6.0251 100
5.92284 100
5.82055 100
5.71822 100
5.61585 100
5.51345 100
5.41101 100
5.30854 100
5.20604 100
5.1035 100
5.00092 100
4.89832 100
4.79568 100
4.69301 100
4.59032 100
4.48759 100
4.38483 100
4.28205 100
4.17924 100
4.0764 100
3.97353 100
3.87064 100
3.76773 100
3.66479 100
3.56182 100
3.45884 100
3.35583 100
3.2528 100
3.14974 100
3.04667 100
2.94358 100
2.84047 100
2.73734 100
2.63419 100
2.53103 100
2.42785 100
2.32465 100
2.22144 100
2.11821 100
2.01497 100
1.91172 100
1.80845 100
1.70517 100
1.60189 100
1.49859 100
1.39528 100
1.29196 100
1.18864 100
1.0853 100
0.981961 100
0.878614 100
0.775261 100
0.671903 100
0.568541 100
0.465175 100
0.361806 100
0.258434 100
0.155061 100
0.0516872 100
-0.0516872 100
-0.155061 100
-0.258434 100
-0.361806 100
-0.465175 100
-0.568541 100
-0.671903 100
-0.775261 100
-0.878614 100
-0.981961 100
-1.0853 100
-1.18864 100
-1.29196 100
-1.39528 100
-1.49859 100
-1.60189 100
-1.70517 100
-1.80845 100
-1.91172 100
-2.01497 100
-2.11821 100
-2.22144 100
-2.32465 100
-2.42785 100
-2.53103 100
-2.63419 100
-2.73734 100
-2.84047 100
-2.94358 100
-3.04667 100
-3.14974 100
-3.2528 100
-3.35583 100
-3.45884 100
-3.56182 100
-3.66479 100
-3.76773 100
-3.87064 100
-3.97353 100
-4.0764 100
-4.17924 100
-4.28205 100
-4.38483 100
-4.48759 100
-4.59032 100
-4.69301 100
-4.79568 100
-4.89832 100
-5.00092 100
-5.1035 100
-5.20604 100
-5.30854 100
-5.41101 100
-5.51345 100
-5.61585 100
-5.71822 100
-5.82055 100
-5.92284 100
-6.0251 100
-6.12731 100
-6.22949 100
-6.33163 100
-6.43373 100
-6.53578 100
-6.6378 100
-6.73977 100
-6.8417 100
-6.94358 100
-7.04542 100
-7.14722 100
-7.24897 100
-7.35068 100
-7.45234 100
-7.55395 100
-7.65551 100
-7.75703 100
-7.85849 100
-7.95991 100
-8.06128 100
-8.16259 100
-8.26386 100
-8.36507 100
-8.46623 100
-8.56734 100
-8.66839 100
-8.76939 100
-8.87034 100
-8.97122 100
-9.07206 100
-9.17283 100
-9.27355 100
-9.37421 100
-9.47482 100
-9.57536 100
-9.67584 100
-9.77627 100
-9.87663 100
-9.97693 100
-10.0772 100
-10.1774 100
-10.2775 100
-10.3775 100
-10.4775 100
-10.5774 100
-10.6773 100
-10.7771 100
-10.8768 100
-10.9765 100
-11.0761 1.42467
-11.1756 1.42295
-11.275 1.42123
-11.3744 1.41951
-11.4738 1.4178
-11.573 1.41609
-11.6722 1.41439
-11.7713 1.41269
-11.8703 1.41099
-11.9693 1.4093
-12.0682 1.40761
-12.167 1.40593
-12.2657 1.40425
-12.3644 1.40258
-12.463 1.4009
-12.5615 1.39924
-12.66 1.39757
-12.7584 1.39591
-12.8566 1.39426
-12.9549 1.39261
-13.053 1.39096
-13.1511 1.38931
-13.2491 1.38767
-13.347 1.38604
-13.4448 1.38441
-13.5425 1.38278
-13.6402 1.38115
-13.7378 1.37953
-13.8353 1.37791
-13.9327 1.3763
-14.03 1.37469
-14.1273 1.37309
-14.2245 1.37148
-14.3216 1.36989
-14.4186 1.36829
-14.5155 1.3667
-14.6123 1.36511
-14.7091 1.36353
-14.8058 1.36195
-14.9023 1.36037
-14.9988 1.3588
-15.0952 1.35723
-15.1916 1.35567
-15.2878 1.35411
-15.3839 1.35255
-15.48 1.35099
-15.576 1.34944
-15.6718 1.3479
-15.7676 1.34635
-15.8633 1.34481
-15.9589 1.34327
-16.0544 1.34174
-16.1499 1.34021
-16.2452 1.33869
-16.3404 1.33716
-16.4356 1.33564
-16.5306 1.33413
-16.6256 1.33262
-16.7204 1.33111
-16.8152 1.3296
-16.9099 1.3281
-17.0045 1.3266
-17.099 1.3251
-17.1933 1.32361
-17.2876 1.32212
-17.3818 1.32064
-17.4759 1.31916
-17.5699 1.31768
-17.6639 1.3162
-17.7577 1.31473
-17.8514 1.31326
-17.945 1.3118
-18.0385 1.31033
-18.1319 1.30887
-18.2252 1.30742
-18.3184 1.30597
-18.4115 1.30452
-18.5046 1.30307
-18.5975 1.30163
-18.6903 1.30019
-18.783 1.29875
-18.8756 1.29732
-18.9681 1.29589
-19.0605 1.29446
-19.1528 1.29304
-19.245 1.29162
-19.3371 1.2902
-19.4291 1.28879
-19.521 1.28737
-19.6127 1.28597
-19.7044 1.28456
-19.796 1.28316
-19.8874 1.28176
-19.9788 1.28036
-20.0701 1.27897
-20.1612 1.27758
-20.2522 1.27619
-20.3432 1.27481
-20.434 1.27343
-20.5247 1.27205
-20.6153 1.27067
-20.7058 1.2693
-20.7962 1.26793
-20.8865 1.26657
-20.9767 1.2652
-21.0668 1.26384
-21.1567 1.26249
-21.2466 1.26113
-21.3363 1.25978
-21.426 1.25843
-21.5155 1.25709
-21.6049 1.25574
-21.6942 1.2544
-21.7834 1.25307
-21.8725 1.25173
-21.9615 1.2504
-22.0503 1.24907
-22.1391 1.24775
-22.2277 1.24642
-22.3162 1.2451
-22.4047 1.24379
-22.493 1.24247
-22.5811 1.24116
-22.6692 1.23985
-22.7572 1.23854
-22.845 1.23724
-22.9328 1.23594
-23.0204 1.23464
-23.1079 1.23335
-23.1953 1.23205
-23.2826 1.23076
-23.3697 1.22948
-23.4568 1.22819
-23.5437 1.22691
-23.6306 1.22563
-23.7173 1.22435
-23.8039 1.22308
-23.8903 1.22181
-23.9767 1.22054
-24.0629 1.21927
-24.1491 1.21801
-24.2351 1.21675
-24.321 1.21549
-24.4068 1.21424
-24.4924 1.21298
-24.578 1.21173
-24.6634 1.21049
-24.7487 1.20924
-24.8339 1.208
-24.919 1.20676
-25.004 1.20552
-25.0888 1.20428
-25.1735 1.20305
-25.2582 1.20182
-25.3427 1.20059
-25.427 1.19937
-25.5113 1.19815
-25.5954 1.19693
-25.6795 1.19571
-25.7634 1.1945
-25.8471 1.19328
-25.9308 1.19207
-26.0144 1.19086
-26.0978 1.18966
-26.1811 1.18846
-26.2643 1.18726
-26.3474 1.18606
-26.4303 1.18486
-26.5131 1.18367
-26.5959 1.18248
-26.6785 1.18129
-26.7609 1.18011
-26.8433 1.17892
-26.9255 1.17774
-27.0076 1.17656
-27.0896 1.17539
-27.1715 1.17421
-27.2533 1.17304
-27.3349 1.17187
-27.4164 1.1707
-27.4978 1.16954
-27.5791 1.16838
-27.6603 1.16722
-27.7413 1.16606
-27.8222 1.1649
-27.903 1.16375
-27.9837 1.1626
-28.0642 1.16145
-28.1447 1.1603
-28.225 1.15916
-28.3052 1.15802
-28.3852 1.15688
-28.4652 1.15574
-28.545 1.1546
-28.6247 1.15347
-28.7043 1.15234
-28.7838 1.15121
-28.8631 1.15009
-28.9424 1.14896
-29.0215 1.14784
-29.1005 1.14672
-29.1793 1.1456
-29.2581 1.14449
-29.3367 1.14337
-29.4152 1.14226
-29.4936 1.14115
-29.5718 1.14005
-29.65 1.13894
-29.728 1.13784
-29.8059 1.13674
-29.8836 1.13564
