-2.18557e-007 -4.77656e-015 0  1
0.0117204 -1.37369e-005 0  1
0.0234404 -5.49456e-005 0  1
0.0351609 -0.00012363 0  1
0.0468805 -0.000219783 0  1
0.0586005 -0.000343414 0  1
0.0703196 -0.000494509 0  1
0.0820389 -0.000673084 0  1
0.0937572 -0.000879118 0  1
0.105475 -0.00111263 0  1
0.117193 -0.0013736 0  1
0.12891 -0.00166205 0  1
0.140626 -0.00197795 0  1
0.152341 -0.00232132 0  1
0.164055 -0.00269214 0  1
0.175769 -0.00309044 0  1
0.187482 -0.00351617 0  1
0.199193 -0.00396938 0  1
0.210904 -0.00445002 0  1
0.222613 -0.00495813 0  1
0.234321 -0.00549366 0  1
0.246028 -0.00605666 0  1
0.257733 -0.00664707 0  1
0.269438 -0.00726495 0  1
0.28114 -0.00791023 0  1
0.292841 -0.00858297 0  1
0.304541 -0.00928315 0  1
0.316239 -0.0100107 0  1
0.327935 -0.0107657 0  1
0.339629 -0.0115481 0  1
0.351321 -0.0123579 0  1
0.363012 -0.0131951 0  1
0.3747 -0.0140598 0  1
0.386386 -0.0149518 0  1
0.398071 -0.0158712 0  1
0.409753 -0.016818 0  1
0.421433 -0.0177922 0  1
0.43311 -0.0187937 0  1
0.444785 -0.0198227 0  1
0.456458 -0.020879 0  1
0.468128 -0.0219626 0  1
0.479795 -0.0230736 0  1
0.491461 -0.024212 0  1
0.503123 -0.0253776 0  1
0.514782 -0.0265707 0  1
0.526439 -0.027791 0  1
0.538093 -0.0290387 0  1
0.549743 -0.0303137 0  1
0.561391 -0.031616 0  1
0.573036 -0.0329455 0  1
0.584678 -0.0343025 0  1
0.596316 -0.0356866 0  1
0.607951 -0.0370981 0  1
0.619583 -0.0385368 0  1
0.631211 -0.0400028 0  1
0.642836 -0.041496 0  1
0.654457 -0.0430165 0  1
0.666075 -0.0445642 0  1
0.677689 -0.0461391 0  1
0.6893 -0.0477413 0  1
0.700906 -0.0493706 0  1
0.712509 -0.0510273 0  1
0.724107 -0.052711 0  1
0.735702 -0.054422 0  1
0.747293 -0.0561601 0  1
0.75888 -0.0579254 0  1
0.770462 -0.0597178 0  1
0.782041 -0.0615374 0  1
0.793614 -0.0633841 0  1
0.805184 -0.065258 0  1
0.816749 -0.0671589 0  1
0.82831 -0.069087 0  1
0.839866 -0.0710422 0  1
0.851418 -0.0730244 0  1
0.862964 -0.0750337 0  1
0.874507 -0.0770701 0  1
0.886043 -0.0791335 0  1
0.897576 -0.081224 0  1
0.909104 -0.0833416 0  1
0.920626 -0.085486 0  1
0.932144 -0.0876576 0  1
0.943656 -0.0898561 0  1
0.955163 -0.0920816 0  1
0.966665 -0.094334 0  1
0.978162 -0.0966135 0  1
0.989653 -0.0989198 0  1
1.00114 -0.101253 0  1
1.01262 -0.103613 0  1
1.02409 -0.106 0  1
1.03556 -0.108414 0  1
1.04703 -0.110855 0  1
1.05848 -0.113323 0  1
1.06994 -0.115818 0  1
1.08138 -0.118339 0  1
1.09282 -0.120887 0  1
1.10426 -0.123462 0  1
1.11568 -0.126064 0  1
1.1271 -0.128693 0  1
1.13852 -0.131348 0  1
1.14993 -0.13403 0  1
1.14993 -0.13403 0  1
1.1841 -0.142063 0  1
1.21832 -0.149856 0  1
1.2526 -0.157408 0  1
1.28693 -0.164719 0  1
1.32131 -0.17179 0  1
1.35574 -0.178618 0  1
1.39022 -0.185205 0  1
1.42474 -0.19155 0  1
1.45931 -0.197652 0  1
1.49391 -0.203511 0  1
1.52856 -0.209128 0  1
1.56325 -0.214501 0  1
1.59797 -0.21963 0  1
1.63273 -0.224515 0  1
1.66752 -0.229156 0  1
1.70235 -0.233553 0  1
1.7372 -0.237706 0  1
1.77208 -0.241613 0  1
1.80699 -0.245276 0  1
1.84193 -0.248693 0  1
1.87688 -0.251865 0  1
1.91186 -0.254792 0  1
1.94686 -0.257473 0  1
1.98187 -0.259908 0  1
2.01691 -0.262097 0  1
2.05195 -0.264041 0  1
2.08701 -0.265738 0  1
2.12208 -0.267189 0  1
2.15716 -0.268394 0  1
2.19225 -0.269353 0  1
2.22734 -0.270065 0  1
2.26244 -0.270531 0  1
2.29754 -0.270751 0  1
2.33264 -0.270724 0  1
2.36774 -0.270451 0  1
2.40284 -0.269931 0  1
2.43793 -0.269165 0  1
2.47301 -0.268153 0  1
2.50809 -0.266894 0  1
2.54316 -0.265389 0  1
2.57822 -0.263638 0  1
2.61326 -0.261641 0  1
2.64829 -0.259398 0  1
2.6833 -0.256909 0  1
2.71829 -0.254175 0  1
2.75327 -0.251194 0  1
2.78822 -0.247969 0  1
2.82315 -0.244498 0  1
2.85805 -0.240782 0  1
2.89293 -0.236821 0  1
2.92777 -0.232615 0  1
2.96259 -0.228165 0  1
2.99738 -0.223471 0  1
3.03213 -0.218532 0  1
3.06684 -0.21335 0  1
3.10152 -0.207924 0  1
3.13616 -0.202254 0  1
3.17076 -0.196342 0  1
3.20532 -0.190187 0  1
3.23983 -0.18379 0  1
3.2743 -0.17715 0  1
3.30871 -0.170269 0  1
3.34309 -0.163146 0  1
3.3774 -0.155782 0  1
3.41167 -0.148177 0  1
3.44588 -0.140332 0  1
3.48004 -0.132247 0  1
3.51414 -0.123922 0  1
3.54818 -0.115358 0  1
3.58216 -0.106556 0  1
3.61607 -0.0975151 0  1
3.64992 -0.0882363 0  1
3.68371 -0.0787201 0  1
3.71743 -0.068967 0  1
3.75108 -0.0589776 0  1
3.78466 -0.048752 0  1
3.81816 -0.038291 0  1
3.85159 -0.027595 0  1
3.88495 -0.0166648 0  1
3.91822 -0.0055005 0  1
3.95142 0.00589713 0  1
3.98454 0.0175275 0  1
4.01757 0.0293899 0  1
4.05053 0.0414841 0  1
4.08339 0.0538094 0  1
4.11617 0.0663648 0  1
4.14886 0.0791503 0  1
4.18146 0.0921649 0  1
4.21396 0.105408 0  1
4.24638 0.118879 0  1
4.27869 0.132577 0  1
4.31091 0.146502 0  1
4.34303 0.160652 0  1
4.37506 0.175028 0  1
4.40698 0.189628 0  1
4.43879 0.204452 0  1
4.4705 0.219499 0  1
4.50211 0.234768 0  1
4.53361 0.250258 0  1
4.53361 0.250258 0  -1
4.50778 0.237121 0  -1
4.48202 0.223834 0  -1
4.45634 0.210398 0  -1
4.43075 0.196813 0  -1
4.40523 0.183081 0  -1
4.37979 0.1692 0  -1
4.35443 0.155173 0  -1
4.32915 0.140999 0  -1
4.30396 0.126678 0  -1
4.27885 0.112212 0  -1
4.25382 0.0975999 0  -1
4.22888 0.0828435 0  -1
4.20402 0.0679421 0  -1
4.17925 0.0528975 0  -1
4.15457 0.0377096 0  -1
4.12998 0.0223789 0  -1
4.10548 0.0069059 0  -1
4.08106 -0.00870883 0  -1
4.05674 -0.0244648 0  -1
4.03251 -0.0403615 0  -1
4.00837 -0.0563983 0  -1
3.98433 -0.0725748 0  -1
3.96038 -0.0888904 0  -1
3.93652 -0.105344 0  -1
3.91276 -0.121937 0  -1
3.8891 -0.138666 0  -1
3.86553 -0.155532 0  -1
3.84207 -0.172535 0  -1
3.8187 -0.189674 0  -1
3.79543 -0.206947 0  -1
3.77226 -0.224355 0  -1
3.74919 -0.241898 0  -1
3.72623 -0.259573 0  -1
3.70336 -0.277381 0  -1
3.68061 -0.295322 0  -1
3.65795 -0.313394 0  -1
3.6354 -0.331597 0  -1
3.61296 -0.349931 0  -1
3.59062 -0.368395 0  -1
3.56839 -0.386988 0  -1
3.54627 -0.405709 0  -1
3.52426 -0.424557 0  -1
3.50236 -0.443534 0  -1
3.48056 -0.462636 0  -1
3.45888 -0.481865 0  -1
3.43731 -0.501219 0  -1
3.41586 -0.520698 0  -1
3.39451 -0.540301 0  -1
3.37328 -0.560027 0  -1
3.35217 -0.579876 0  -1
3.33117 -0.599847 0  -1
3.31028 -0.61994 0  -1
3.28952 -0.640153 0  -1
3.26887 -0.660486 0  -1
3.24834 -0.680938 0  -1
3.22792 -0.701509 0  -1
3.20763 -0.722198 0  -1
3.18746 -0.743005 0  -1
3.16741 -0.763928 0  -1
3.14748 -0.784966 0  -1
3.12767 -0.80612 0  -1
3.10799 -0.827389 0  -1
3.08843 -0.848771 0  -1
3.06899 -0.870266 0  -1
3.04968 -0.891874 0  -1
3.03049 -0.913593 0  -1
3.01143 -0.935423 0  -1
2.9925 -0.957363 0  -1
2.97369 -0.979412 0  -1
2.95501 -1.00157 0  -1
2.93646 -1.02384 0  -1
2.91805 -1.04621 0  -1
2.89976 -1.06869 0  -1
2.8816 -1.09127 0  -1
2.86357 -1.11396 0  -1
2.84567 -1.13676 0  -1
2.82791 -1.15965 0  -1
2.81028 -1.18265 0  -1
2.79278 -1.20576 0  -1
2.77542 -1.22896 0  -1
2.75819 -1.25226 0  -1
2.7411 -1.27566 0  -1
2.72414 -1.29916 0  -1
2.70732 -1.32276 0  -1
2.69064 -1.34646 0  -1
2.67409 -1.37025 0  -1
2.65769 -1.39414 0  -1
2.64142 -1.41812 0  -1
2.62529 -1.4422 0  -1
2.6093 -1.46637 0  -1
2.59345 -1.49063 0  -1
2.57774 -1.51498 0  -1
2.56217 -1.53943 0  -1
2.54675 -1.56396 0  -1
2.53147 -1.58858 0  -1
2.51633 -1.61329 0  -1
2.50133 -1.63809 0  -1
2.48648 -1.66298 0  -1
2.47177 -1.68795 0  -1
